0 0 3 1  10 27/04/2025
1 1 0 0  11 27/04/2025
2 2 0 0  12 27/04/2025
3 3 0 0  13 27/04/2025
4 4 0 0  14 27/04/2025
5 5 0 0  15 27/04/2025
6 6 0 0  16 27/04/2025
7 7 0 0  17 27/04/2025
8 8 0 0  18 27/04/2025
9 9 0 0  19 27/04/2025
10 0 0 0  11 04/05/2025
11 10 0 0  12 04/05/2025
12 1 0 0  13 04/05/2025
13 2 0 0  14 04/05/2025
14 3 0 0  15 04/05/2025
15 4 0 0  16 04/05/2025
16 5 0 0  17 04/05/2025
17 6 0 0  18 04/05/2025
18 7 0 0  19 04/05/2025
19 8 0 0  9 04/05/2025
20 0 0 0  12 11/05/2025
21 11 0 0  13 11/05/2025
22 10 0 0  14 11/05/2025
23 1 0 0  15 11/05/2025
24 2 0 0  16 11/05/2025
25 3 0 0  17 11/05/2025
26 4 0 0  18 11/05/2025
27 5 0 0  19 11/05/2025
28 6 0 0  9 11/05/2025
29 7 0 0  8 11/05/2025
30 0 0 0  13 18/05/2025
31 12 0 0  14 18/05/2025
32 11 0 0  15 18/05/2025
33 10 0 0  16 18/05/2025
34 1 0 0  17 18/05/2025
35 2 0 0  18 18/05/2025
36 3 0 0  19 18/05/2025
37 4 0 0  9 18/05/2025
38 5 0 0  8 18/05/2025
39 6 0 0  7 18/05/2025
40 0 0 0  14 25/05/2025
41 13 0 0  15 25/05/2025
42 12 0 0  16 25/05/2025
43 11 0 0  17 25/05/2025
44 10 0 0  18 25/05/2025
45 1 0 0  19 25/05/2025
46 2 0 0  9 25/05/2025
47 3 0 0  8 25/05/2025
48 4 0 0  7 25/05/2025
49 5 0 0  6 25/05/2025
50 0 0 0  15 01/06/2025
51 14 0 0  16 01/06/2025
52 13 0 0  17 01/06/2025
53 12 0 0  18 01/06/2025
54 11 0 0  19 01/06/2025
55 10 0 0  9 01/06/2025
56 1 0 0  8 01/06/2025
57 2 0 0  7 01/06/2025
58 3 0 0  6 01/06/2025
59 4 0 0  5 01/06/2025
60 0 0 0  16 08/06/2025
61 15 0 0  17 08/06/2025
62 14 0 0  18 08/06/2025
63 13 0 0  19 08/06/2025
64 12 0 0  9 08/06/2025
65 11 0 0  8 08/06/2025
66 10 0 0  7 08/06/2025
67 1 0 0  6 08/06/2025
68 2 0 0  5 08/06/2025
69 3 0 0  4 08/06/2025
70 0 0 0  17 15/06/2025
71 16 0 0  18 15/06/2025
72 15 0 0  19 15/06/2025
73 14 0 0  9 15/06/2025
74 13 0 0  8 15/06/2025
75 12 0 0  7 15/06/2025
76 11 0 0  6 15/06/2025
77 10 0 0  5 15/06/2025
78 1 0 0  4 15/06/2025
79 2 0 0  3 15/06/2025
80 0 0 0  18 22/06/2025
81 17 0 0  19 22/06/2025
82 16 0 0  9 22/06/2025
83 15 0 0  8 22/06/2025
84 14 0 0  7 22/06/2025
85 13 0 0  6 22/06/2025
86 12 0 0  5 22/06/2025
87 11 0 0  4 22/06/2025
88 10 0 0  3 22/06/2025
89 1 0 0  2 22/06/2025
90 0 0 0  19 29/06/2025
91 18 0 0  9 29/06/2025
92 17 0 0  8 29/06/2025
93 16 0 0  7 29/06/2025
94 15 0 0  6 29/06/2025
95 14 0 0  5 29/06/2025
96 13 0 0  4 29/06/2025
97 12 0 0  3 29/06/2025
98 11 0 0  2 29/06/2025
99 10 0 0  1 29/06/2025
100 0 0 0  9 06/07/2025
101 19 0 0  8 06/07/2025
102 18 0 0  7 06/07/2025
103 17 0 0  6 06/07/2025
104 16 0 0  5 06/07/2025
105 15 0 0  4 06/07/2025
106 14 0 0  3 06/07/2025
107 13 0 0  2 06/07/2025
108 12 0 0  1 06/07/2025
109 11 0 0  10 06/07/2025
110 0 0 0  8 13/07/2025
111 9 0 0  7 13/07/2025
112 19 0 0  6 13/07/2025
113 18 0 0  5 13/07/2025
114 17 0 0  4 13/07/2025
115 16 0 0  3 13/07/2025
116 15 0 0  2 13/07/2025
117 14 0 0  1 13/07/2025
118 13 0 0  10 13/07/2025
119 12 0 0  11 13/07/2025
120 0 0 0  7 20/07/2025
121 8 0 0  6 20/07/2025
122 9 0 0  5 20/07/2025
123 19 0 0  4 20/07/2025
124 18 0 0  3 20/07/2025
125 17 0 0  2 20/07/2025
126 16 0 0  1 20/07/2025
127 15 0 0  10 20/07/2025
128 14 0 0  11 20/07/2025
129 13 0 0  12 20/07/2025
130 0 0 0  6 27/07/2025
131 7 0 0  5 27/07/2025
132 8 0 0  4 27/07/2025
133 9 0 0  3 27/07/2025
134 19 0 0  2 27/07/2025
135 18 0 0  1 27/07/2025
136 17 0 0  10 27/07/2025
137 16 0 0  11 27/07/2025
138 15 0 0  12 27/07/2025
139 14 0 0  13 27/07/2025
140 0 0 0  5 03/08/2025
141 6 0 0  4 03/08/2025
142 7 0 0  3 03/08/2025
143 8 0 0  2 03/08/2025
144 9 0 0  1 03/08/2025
145 19 0 0  10 03/08/2025
146 18 0 0  11 03/08/2025
147 17 0 0  12 03/08/2025
148 16 0 0  13 03/08/2025
149 15 0 0  14 03/08/2025
150 0 0 0  4 10/08/2025
151 5 0 0  3 10/08/2025
152 6 0 0  2 10/08/2025
153 7 0 0  1 10/08/2025
154 8 0 0  10 10/08/2025
155 9 0 0  11 10/08/2025
156 19 0 0  12 10/08/2025
157 18 0 0  13 10/08/2025
158 17 0 0  14 10/08/2025
159 16 0 0  15 10/08/2025
160 0 0 0  3 17/08/2025
161 4 0 0  2 17/08/2025
162 5 0 0  1 17/08/2025
163 6 0 0  10 17/08/2025
164 7 0 0  11 17/08/2025
165 8 0 0  12 17/08/2025
166 9 0 0  13 17/08/2025
167 19 0 0  14 17/08/2025
168 18 0 0  15 17/08/2025
169 17 0 0  16 17/08/2025
170 0 0 0  2 24/08/2025
171 3 0 0  1 24/08/2025
172 4 0 0  10 24/08/2025
173 5 0 0  11 24/08/2025
174 6 0 0  12 24/08/2025
175 7 0 0  13 24/08/2025
176 8 0 0  14 24/08/2025
177 9 0 0  15 24/08/2025
178 19 0 0  16 24/08/2025
179 18 0 0  17 24/08/2025
180 0 0 0  1 31/08/2025
181 2 0 0  10 31/08/2025
182 3 0 0  11 31/08/2025
183 4 0 0  12 31/08/2025
184 5 0 0  13 31/08/2025
185 6 0 0  14 31/08/2025
186 7 0 0  15 31/08/2025
187 8 0 0  16 31/08/2025
188 9 0 0  17 31/08/2025
189 19 0 0  18 31/08/2025
190 10 0 0  0 07/09/2025
191 11 0 0  1 07/09/2025
192 12 0 0  2 07/09/2025
193 13 0 0  3 07/09/2025
194 14 0 0  4 07/09/2025
195 15 0 0  5 07/09/2025
196 16 0 0  6 07/09/2025
197 17 0 0  7 07/09/2025
198 18 0 0  8 07/09/2025
199 19 0 0  9 07/09/2025
200 11 0 0  0 14/09/2025
201 12 0 0  10 14/09/2025
202 13 0 0  1 14/09/2025
203 14 0 0  2 14/09/2025
204 15 0 0  3 14/09/2025
205 16 0 0  4 14/09/2025
206 17 0 0  5 14/09/2025
207 18 0 0  6 14/09/2025
208 19 0 0  7 14/09/2025
209 9 0 0  8 14/09/2025
210 12 0 0  0 21/09/2025
211 13 0 0  11 21/09/2025
212 14 0 0  10 21/09/2025
213 15 0 0  1 21/09/2025
214 16 0 0  2 21/09/2025
215 17 0 0  3 21/09/2025
216 18 0 0  4 21/09/2025
217 19 0 0  5 21/09/2025
218 9 0 0  6 21/09/2025
219 8 0 0  7 21/09/2025
220 13 0 0  0 28/09/2025
221 14 0 0  12 28/09/2025
222 15 0 0  11 28/09/2025
223 16 0 0  10 28/09/2025
224 17 0 0  1 28/09/2025
225 18 0 0  2 28/09/2025
226 19 0 0  3 28/09/2025
227 9 0 0  4 28/09/2025
228 8 0 0  5 28/09/2025
229 7 0 0  6 28/09/2025
230 14 0 0  0 05/10/2025
231 15 0 0  13 05/10/2025
232 16 0 0  12 05/10/2025
233 17 0 0  11 05/10/2025
234 18 0 0  10 05/10/2025
235 19 0 0  1 05/10/2025
236 9 0 0  2 05/10/2025
237 8 0 0  3 05/10/2025
238 7 0 0  4 05/10/2025
239 6 0 0  5 05/10/2025
240 15 0 0  0 12/10/2025
241 16 0 0  14 12/10/2025
242 17 0 0  13 12/10/2025
243 18 0 0  12 12/10/2025
244 19 0 0  11 12/10/2025
245 9 0 0  10 12/10/2025
246 8 0 0  1 12/10/2025
247 7 0 0  2 12/10/2025
248 6 0 0  3 12/10/2025
249 5 0 0  4 12/10/2025
250 16 0 0  0 19/10/2025
251 17 0 0  15 19/10/2025
252 18 0 0  14 19/10/2025
253 19 0 0  13 19/10/2025
254 9 0 0  12 19/10/2025
255 8 0 0  11 19/10/2025
256 7 0 0  10 19/10/2025
257 6 0 0  1 19/10/2025
258 5 0 0  2 19/10/2025
259 4 0 0  3 19/10/2025
260 17 0 0  0 26/10/2025
261 18 0 0  16 26/10/2025
262 19 0 0  15 26/10/2025
263 9 0 0  14 26/10/2025
264 8 0 0  13 26/10/2025
265 7 0 0  12 26/10/2025
266 6 0 0  11 26/10/2025
267 5 0 0  10 26/10/2025
268 4 0 0  1 26/10/2025
269 3 0 0  2 26/10/2025
270 18 0 0  0 02/11/2025
271 19 0 0  17 02/11/2025
272 9 0 0  16 02/11/2025
273 8 0 0  15 02/11/2025
274 7 0 0  14 02/11/2025
275 6 0 0  13 02/11/2025
276 5 0 0  12 02/11/2025
277 4 0 0  11 02/11/2025
278 3 0 0  10 02/11/2025
279 2 0 0  1 02/11/2025
280 19 0 0  0 09/11/2025
281 9 0 0  18 09/11/2025
282 8 0 0  17 09/11/2025
283 7 0 0  16 09/11/2025
284 6 0 0  15 09/11/2025
285 5 0 0  14 09/11/2025
286 4 0 0  13 09/11/2025
287 3 0 0  12 09/11/2025
288 2 0 0  11 09/11/2025
289 1 0 0  10 09/11/2025
290 9 0 0  0 16/11/2025
291 8 0 0  19 16/11/2025
292 7 0 0  18 16/11/2025
293 6 0 0  17 16/11/2025
294 5 0 0  16 16/11/2025
295 4 0 0  15 16/11/2025
296 3 0 0  14 16/11/2025
297 2 0 0  13 16/11/2025
298 1 0 0  12 16/11/2025
299 10 0 0  11 16/11/2025
300 8 0 0  0 23/11/2025
301 7 0 0  9 23/11/2025
302 6 0 0  19 23/11/2025
303 5 0 0  18 23/11/2025
304 4 0 0  17 23/11/2025
305 3 0 0  16 23/11/2025
306 2 0 0  15 23/11/2025
307 1 0 0  14 23/11/2025
308 10 0 0  13 23/11/2025
309 11 0 0  12 23/11/2025
310 7 0 0  0 30/11/2025
311 6 0 0  8 30/11/2025
312 5 0 0  9 30/11/2025
313 4 0 0  19 30/11/2025
314 3 0 0  18 30/11/2025
315 2 0 0  17 30/11/2025
316 1 0 0  16 30/11/2025
317 10 0 0  15 30/11/2025
318 11 0 0  14 30/11/2025
319 12 0 0  13 30/11/2025
320 6 0 0  0 07/12/2025
321 5 0 0  7 07/12/2025
322 4 0 0  8 07/12/2025
323 3 0 0  9 07/12/2025
324 2 0 0  19 07/12/2025
325 1 0 0  18 07/12/2025
326 10 0 0  17 07/12/2025
327 11 0 0  16 07/12/2025
328 12 0 0  15 07/12/2025
329 13 0 0  14 07/12/2025
330 5 0 0  0 14/12/2025
331 4 0 0  6 14/12/2025
332 3 0 0  7 14/12/2025
333 2 0 0  8 14/12/2025
334 1 0 0  9 14/12/2025
335 10 0 0  19 14/12/2025
336 11 0 0  18 14/12/2025
337 12 0 0  17 14/12/2025
338 13 0 0  16 14/12/2025
339 14 0 0  15 14/12/2025
340 4 0 0  0 21/12/2025
341 3 0 0  5 21/12/2025
342 2 0 0  6 21/12/2025
343 1 0 0  7 21/12/2025
344 10 0 0  8 21/12/2025
345 11 0 0  9 21/12/2025
346 12 0 0  19 21/12/2025
347 13 0 0  18 21/12/2025
348 14 0 0  17 21/12/2025
349 15 0 0  16 21/12/2025
350 3 0 0  0 28/12/2025
351 2 0 0  4 28/12/2025
352 1 0 0  5 28/12/2025
353 10 0 0  6 28/12/2025
354 11 0 0  7 28/12/2025
355 12 0 0  8 28/12/2025
356 13 0 0  9 28/12/2025
357 14 0 0  19 28/12/2025
358 15 0 0  18 28/12/2025
359 16 0 0  17 28/12/2025
360 2 0 0  0 -1/-1/-1
361 1 0 0  3 -1/-1/-1
362 10 0 0  4 -1/-1/-1
363 11 0 0  5 -1/-1/-1
364 12 0 0  6 -1/-1/-1
365 13 0 0  7 -1/-1/-1
366 14 0 0  8 -1/-1/-1
367 15 0 0  9 -1/-1/-1
368 16 0 0  19 -1/-1/-1
369 17 0 0  18 -1/-1/-1
370 1 0 0  0 -1/-1/-1
371 10 0 0  2 -1/-1/-1
372 11 0 0  3 -1/-1/-1
373 12 0 0  4 -1/-1/-1
374 13 0 0  5 -1/-1/-1
375 14 0 0  6 -1/-1/-1
376 15 0 0  7 -1/-1/-1
377 16 0 0  8 -1/-1/-1
378 17 0 0  9 -1/-1/-1
379 18 0 0  19 -1/-1/-1
