0 0 0 61 11 1 0 0 10 0 39 5 4 0 11 12/12/1212 4
1 1 0 77 7 0 1 12 11 0 23 0 2 1 8 12/12/1212 4
2 2 0 27 10 4 1 5 12 0 73 11 4 2 11 12/12/1212 4
3 3 2 59 12 1 1 6 13 3 41 11 4 0 12 12/12/1212 6
4 4 9 76 15 1 0 9 14 2 24 12 2 2 9 12/12/1212 6
5 5 0 0 0 0 0 0 15 0 0 0 0 0 0 12/12/1212 6
6 6 0 0 0 0 0 0 16 0 0 0 0 0 0 12/12/1212 8
7 7 0 0 0 0 0 0 17 0 0 0 0 0 0 12/12/1212 8
8 8 0 0 0 0 0 0 18 0 0 0 0 0 0 12/12/1212 8
9 9 0 0 0 0 0 0 19 0 0 0 0 0 0 12/12/1212 8
10 0 0 0 0 0 0 0 11 0 0 0 0 0 0 19/12/1212 4
11 10 0 0 0 0 0 0 12 0 0 0 0 0 0 19/12/1212 4
12 1 0 0 0 0 0 0 13 0 0 0 0 0 0 19/12/1212 4
13 2 0 0 0 0 0 0 14 0 0 0 0 0 0 19/12/1212 6
14 3 0 0 0 0 0 0 15 0 0 0 0 0 0 19/12/1212 6
15 4 0 0 0 0 0 0 16 0 0 0 0 0 0 19/12/1212 6
16 5 0 0 0 0 0 0 17 0 0 0 0 0 0 19/12/1212 8
17 6 0 0 0 0 0 0 18 0 0 0 0 0 0 19/12/1212 8
18 7 0 0 0 0 0 0 19 0 0 0 0 0 0 19/12/1212 8
19 8 0 0 0 0 0 0 9 0 0 0 0 0 0 19/12/1212 8
20 0 0 0 0 0 0 0 12 0 0 0 0 0 0 26/12/1212 4
21 11 0 0 0 0 0 0 13 0 0 0 0 0 0 26/12/1212 4
22 10 0 0 0 0 0 0 14 0 0 0 0 0 0 26/12/1212 4
23 1 0 0 0 0 0 0 15 0 0 0 0 0 0 26/12/1212 6
24 2 0 0 0 0 0 0 16 0 0 0 0 0 0 26/12/1212 6
25 3 0 0 0 0 0 0 17 0 0 0 0 0 0 26/12/1212 6
26 4 0 0 0 0 0 0 18 0 0 0 0 0 0 26/12/1212 8
27 5 0 0 0 0 0 0 19 0 0 0 0 0 0 26/12/1212 8
28 6 0 0 0 0 0 0 9 0 0 0 0 0 0 26/12/1212 8
29 7 0 0 0 0 0 0 8 0 0 0 0 0 0 26/12/1212 8
30 0 0 0 0 0 0 0 13 0 0 0 0 0 0 02/01/1213 4
31 12 0 0 0 0 0 0 14 0 0 0 0 0 0 02/01/1213 4
32 11 0 0 0 0 0 0 15 0 0 0 0 0 0 02/01/1213 4
33 10 0 0 0 0 0 0 16 0 0 0 0 0 0 02/01/1213 6
34 1 0 0 0 0 0 0 17 0 0 0 0 0 0 02/01/1213 6
35 2 0 0 0 0 0 0 18 0 0 0 0 0 0 02/01/1213 6
36 3 0 0 0 0 0 0 19 0 0 0 0 0 0 02/01/1213 8
37 4 0 0 0 0 0 0 9 0 0 0 0 0 0 02/01/1213 8
38 5 0 0 0 0 0 0 8 0 0 0 0 0 0 02/01/1213 8
39 6 0 0 0 0 0 0 7 0 0 0 0 0 0 02/01/1213 8
40 0 0 0 0 0 0 0 14 0 0 0 0 0 0 09/01/1213 4
41 13 0 0 0 0 0 0 15 0 0 0 0 0 0 09/01/1213 4
42 12 0 0 0 0 0 0 16 0 0 0 0 0 0 09/01/1213 4
43 11 0 0 0 0 0 0 17 0 0 0 0 0 0 09/01/1213 6
44 10 0 0 0 0 0 0 18 0 0 0 0 0 0 09/01/1213 6
45 1 0 0 0 0 0 0 19 0 0 0 0 0 0 09/01/1213 6
46 2 0 0 0 0 0 0 9 0 0 0 0 0 0 09/01/1213 8
47 3 0 0 0 0 0 0 8 0 0 0 0 0 0 09/01/1213 8
48 4 0 0 0 0 0 0 7 0 0 0 0 0 0 09/01/1213 8
49 5 0 0 0 0 0 0 6 0 0 0 0 0 0 09/01/1213 8
50 0 0 0 0 0 0 0 15 0 0 0 0 0 0 16/01/1213 4
51 14 0 0 0 0 0 0 16 0 0 0 0 0 0 16/01/1213 4
52 13 0 0 0 0 0 0 17 0 0 0 0 0 0 16/01/1213 4
53 12 0 0 0 0 0 0 18 0 0 0 0 0 0 16/01/1213 6
54 11 0 0 0 0 0 0 19 0 0 0 0 0 0 16/01/1213 6
55 10 0 0 0 0 0 0 9 0 0 0 0 0 0 16/01/1213 6
56 1 0 0 0 0 0 0 8 0 0 0 0 0 0 16/01/1213 8
57 2 0 0 0 0 0 0 7 0 0 0 0 0 0 16/01/1213 8
58 3 0 0 0 0 0 0 6 0 0 0 0 0 0 16/01/1213 8
59 4 0 0 0 0 0 0 5 0 0 0 0 0 0 16/01/1213 8
60 0 0 0 0 0 0 0 16 0 0 0 0 0 0 23/01/1213 4
61 15 0 0 0 0 0 0 17 0 0 0 0 0 0 23/01/1213 4
62 14 0 0 0 0 0 0 18 0 0 0 0 0 0 23/01/1213 4
63 13 0 0 0 0 0 0 19 0 0 0 0 0 0 23/01/1213 6
64 12 0 0 0 0 0 0 9 0 0 0 0 0 0 23/01/1213 6
65 11 0 0 0 0 0 0 8 0 0 0 0 0 0 23/01/1213 6
66 10 0 0 0 0 0 0 7 0 0 0 0 0 0 23/01/1213 8
67 1 0 0 0 0 0 0 6 0 0 0 0 0 0 23/01/1213 8
68 2 0 0 0 0 0 0 5 0 0 0 0 0 0 23/01/1213 8
69 3 0 0 0 0 0 0 4 0 0 0 0 0 0 23/01/1213 8
70 0 0 0 0 0 0 0 17 0 0 0 0 0 0 30/01/1213 4
71 16 0 0 0 0 0 0 18 0 0 0 0 0 0 30/01/1213 4
72 15 0 0 0 0 0 0 19 0 0 0 0 0 0 30/01/1213 4
73 14 0 0 0 0 0 0 9 0 0 0 0 0 0 30/01/1213 6
74 13 0 0 0 0 0 0 8 0 0 0 0 0 0 30/01/1213 6
75 12 0 0 0 0 0 0 7 0 0 0 0 0 0 30/01/1213 6
76 11 0 0 0 0 0 0 6 0 0 0 0 0 0 30/01/1213 8
77 10 0 0 0 0 0 0 5 0 0 0 0 0 0 30/01/1213 8
78 1 0 0 0 0 0 0 4 0 0 0 0 0 0 30/01/1213 8
79 2 0 0 0 0 0 0 3 0 0 0 0 0 0 30/01/1213 8
80 0 0 0 0 0 0 0 18 0 0 0 0 0 0 06/02/1213 4
81 17 0 0 0 0 0 0 19 0 0 0 0 0 0 06/02/1213 4
82 16 0 0 0 0 0 0 9 0 0 0 0 0 0 06/02/1213 4
83 15 0 0 0 0 0 0 8 0 0 0 0 0 0 06/02/1213 6
84 14 0 0 0 0 0 0 7 0 0 0 0 0 0 06/02/1213 6
85 13 0 0 0 0 0 0 6 0 0 0 0 0 0 06/02/1213 6
86 12 0 0 0 0 0 0 5 0 0 0 0 0 0 06/02/1213 8
87 11 0 0 0 0 0 0 4 0 0 0 0 0 0 06/02/1213 8
88 10 0 0 0 0 0 0 3 0 0 0 0 0 0 06/02/1213 8
89 1 0 0 0 0 0 0 2 0 0 0 0 0 0 06/02/1213 8
90 0 0 0 0 0 0 0 19 0 0 0 0 0 0 13/02/1213 4
91 18 0 0 0 0 0 0 9 0 0 0 0 0 0 13/02/1213 4
92 17 0 0 0 0 0 0 8 0 0 0 0 0 0 13/02/1213 4
93 16 0 0 0 0 0 0 7 0 0 0 0 0 0 13/02/1213 6
94 15 0 0 0 0 0 0 6 0 0 0 0 0 0 13/02/1213 6
95 14 0 0 0 0 0 0 5 0 0 0 0 0 0 13/02/1213 6
96 13 0 0 0 0 0 0 4 0 0 0 0 0 0 13/02/1213 8
97 12 0 0 0 0 0 0 3 0 0 0 0 0 0 13/02/1213 8
98 11 0 0 0 0 0 0 2 0 0 0 0 0 0 13/02/1213 8
99 10 0 0 0 0 0 0 1 0 0 0 0 0 0 13/02/1213 8
100 0 0 0 0 0 0 0 9 0 0 0 0 0 0 20/02/1213 4
101 19 0 0 0 0 0 0 8 0 0 0 0 0 0 20/02/1213 4
102 18 0 0 0 0 0 0 7 0 0 0 0 0 0 20/02/1213 4
103 17 0 0 0 0 0 0 6 0 0 0 0 0 0 20/02/1213 6
104 16 0 0 0 0 0 0 5 0 0 0 0 0 0 20/02/1213 6
105 15 0 0 0 0 0 0 4 0 0 0 0 0 0 20/02/1213 6
106 14 0 0 0 0 0 0 3 0 0 0 0 0 0 20/02/1213 8
107 13 0 0 0 0 0 0 2 0 0 0 0 0 0 20/02/1213 8
108 12 0 0 0 0 0 0 1 0 0 0 0 0 0 20/02/1213 8
109 11 0 0 0 0 0 0 10 0 0 0 0 0 0 20/02/1213 8
110 0 0 0 0 0 0 0 8 0 0 0 0 0 0 27/02/1213 4
111 9 0 0 0 0 0 0 7 0 0 0 0 0 0 27/02/1213 4
112 19 0 0 0 0 0 0 6 0 0 0 0 0 0 27/02/1213 4
113 18 0 0 0 0 0 0 5 0 0 0 0 0 0 27/02/1213 6
114 17 0 0 0 0 0 0 4 0 0 0 0 0 0 27/02/1213 6
115 16 0 0 0 0 0 0 3 0 0 0 0 0 0 27/02/1213 6
116 15 0 0 0 0 0 0 2 0 0 0 0 0 0 27/02/1213 8
117 14 0 0 0 0 0 0 1 0 0 0 0 0 0 27/02/1213 8
118 13 0 0 0 0 0 0 10 0 0 0 0 0 0 27/02/1213 8
119 12 0 0 0 0 0 0 11 0 0 0 0 0 0 27/02/1213 8
120 0 0 0 0 0 0 0 7 0 0 0 0 0 0 06/03/1213 4
121 8 0 0 0 0 0 0 6 0 0 0 0 0 0 06/03/1213 4
122 9 0 0 0 0 0 0 5 0 0 0 0 0 0 06/03/1213 4
123 19 0 0 0 0 0 0 4 0 0 0 0 0 0 06/03/1213 6
124 18 0 0 0 0 0 0 3 0 0 0 0 0 0 06/03/1213 6
125 17 0 0 0 0 0 0 2 0 0 0 0 0 0 06/03/1213 6
126 16 0 0 0 0 0 0 1 0 0 0 0 0 0 06/03/1213 8
127 15 0 0 0 0 0 0 10 0 0 0 0 0 0 06/03/1213 8
128 14 0 0 0 0 0 0 11 0 0 0 0 0 0 06/03/1213 8
129 13 0 0 0 0 0 0 12 0 0 0 0 0 0 06/03/1213 8
130 0 0 0 0 0 0 0 6 0 0 0 0 0 0 13/03/1213 4
131 7 0 0 0 0 0 0 5 0 0 0 0 0 0 13/03/1213 4
132 8 0 0 0 0 0 0 4 0 0 0 0 0 0 13/03/1213 4
133 9 0 0 0 0 0 0 3 0 0 0 0 0 0 13/03/1213 6
134 19 0 0 0 0 0 0 2 0 0 0 0 0 0 13/03/1213 6
135 18 0 0 0 0 0 0 1 0 0 0 0 0 0 13/03/1213 6
136 17 0 0 0 0 0 0 10 0 0 0 0 0 0 13/03/1213 8
137 16 0 0 0 0 0 0 11 0 0 0 0 0 0 13/03/1213 8
138 15 0 0 0 0 0 0 12 0 0 0 0 0 0 13/03/1213 8
139 14 0 0 0 0 0 0 13 0 0 0 0 0 0 13/03/1213 8
140 0 0 0 0 0 0 0 5 0 0 0 0 0 0 20/03/1213 4
141 6 0 0 0 0 0 0 4 0 0 0 0 0 0 20/03/1213 4
142 7 0 0 0 0 0 0 3 0 0 0 0 0 0 20/03/1213 4
143 8 0 0 0 0 0 0 2 0 0 0 0 0 0 20/03/1213 6
144 9 0 0 0 0 0 0 1 0 0 0 0 0 0 20/03/1213 6
145 19 0 0 0 0 0 0 10 0 0 0 0 0 0 20/03/1213 6
146 18 0 0 0 0 0 0 11 0 0 0 0 0 0 20/03/1213 8
147 17 0 0 0 0 0 0 12 0 0 0 0 0 0 20/03/1213 8
148 16 0 0 0 0 0 0 13 0 0 0 0 0 0 20/03/1213 8
149 15 0 0 0 0 0 0 14 0 0 0 0 0 0 20/03/1213 8
150 0 0 0 0 0 0 0 4 0 0 0 0 0 0 27/03/1213 4
151 5 0 0 0 0 0 0 3 0 0 0 0 0 0 27/03/1213 4
152 6 0 0 0 0 0 0 2 0 0 0 0 0 0 27/03/1213 4
153 7 0 0 0 0 0 0 1 0 0 0 0 0 0 27/03/1213 6
154 8 0 0 0 0 0 0 10 0 0 0 0 0 0 27/03/1213 6
155 9 0 0 0 0 0 0 11 0 0 0 0 0 0 27/03/1213 6
156 19 0 0 0 0 0 0 12 0 0 0 0 0 0 27/03/1213 8
157 18 0 0 0 0 0 0 13 0 0 0 0 0 0 27/03/1213 8
158 17 0 0 0 0 0 0 14 0 0 0 0 0 0 27/03/1213 8
159 16 0 0 0 0 0 0 15 0 0 0 0 0 0 27/03/1213 8
160 0 0 0 0 0 0 0 3 0 0 0 0 0 0 03/04/1213 4
161 4 0 0 0 0 0 0 2 0 0 0 0 0 0 03/04/1213 4
162 5 0 0 0 0 0 0 1 0 0 0 0 0 0 03/04/1213 4
163 6 0 0 0 0 0 0 10 0 0 0 0 0 0 03/04/1213 6
164 7 0 0 0 0 0 0 11 0 0 0 0 0 0 03/04/1213 6
165 8 0 0 0 0 0 0 12 0 0 0 0 0 0 03/04/1213 6
166 9 0 0 0 0 0 0 13 0 0 0 0 0 0 03/04/1213 8
167 19 0 0 0 0 0 0 14 0 0 0 0 0 0 03/04/1213 8
168 18 0 0 0 0 0 0 15 0 0 0 0 0 0 03/04/1213 8
169 17 0 0 0 0 0 0 16 0 0 0 0 0 0 03/04/1213 8
170 0 0 0 0 0 0 0 2 0 0 0 0 0 0 10/04/1213 4
171 3 0 0 0 0 0 0 1 0 0 0 0 0 0 10/04/1213 4
172 4 0 0 0 0 0 0 10 0 0 0 0 0 0 10/04/1213 4
173 5 0 0 0 0 0 0 11 0 0 0 0 0 0 10/04/1213 6
174 6 0 0 0 0 0 0 12 0 0 0 0 0 0 10/04/1213 6
175 7 0 0 0 0 0 0 13 0 0 0 0 0 0 10/04/1213 6
176 8 0 0 0 0 0 0 14 0 0 0 0 0 0 10/04/1213 8
177 9 0 0 0 0 0 0 15 0 0 0 0 0 0 10/04/1213 8
178 19 0 0 0 0 0 0 16 0 0 0 0 0 0 10/04/1213 8
179 18 0 0 0 0 0 0 17 0 0 0 0 0 0 10/04/1213 8
180 0 0 0 0 0 0 0 1 0 0 0 0 0 0 17/04/1213 4
181 2 0 0 0 0 0 0 10 0 0 0 0 0 0 17/04/1213 4
182 3 0 0 0 0 0 0 11 0 0 0 0 0 0 17/04/1213 4
183 4 0 0 0 0 0 0 12 0 0 0 0 0 0 17/04/1213 6
184 5 0 0 0 0 0 0 13 0 0 0 0 0 0 17/04/1213 6
185 6 0 0 0 0 0 0 14 0 0 0 0 0 0 17/04/1213 6
186 7 0 0 0 0 0 0 15 0 0 0 0 0 0 17/04/1213 8
187 8 0 0 0 0 0 0 16 0 0 0 0 0 0 17/04/1213 8
188 9 0 0 0 0 0 0 17 0 0 0 0 0 0 17/04/1213 8
189 19 0 0 0 0 0 0 18 0 0 0 0 0 0 17/04/1213 8
190 10 0 0 0 0 0 0 0 0 0 0 0 0 0 24/04/1213 4
191 11 0 0 0 0 0 0 1 0 0 0 0 0 0 24/04/1213 4
192 12 0 0 0 0 0 0 2 0 0 0 0 0 0 24/04/1213 4
193 13 0 0 0 0 0 0 3 0 0 0 0 0 0 24/04/1213 6
194 14 0 0 0 0 0 0 4 0 0 0 0 0 0 24/04/1213 6
195 15 0 0 0 0 0 0 5 0 0 0 0 0 0 24/04/1213 6
196 16 0 0 0 0 0 0 6 0 0 0 0 0 0 24/04/1213 8
197 17 0 0 0 0 0 0 7 0 0 0 0 0 0 24/04/1213 8
198 18 0 0 0 0 0 0 8 0 0 0 0 0 0 24/04/1213 8
199 19 0 0 0 0 0 0 9 0 0 0 0 0 0 24/04/1213 8
200 11 0 0 0 0 0 0 0 0 0 0 0 0 0 01/05/1213 4
201 12 0 0 0 0 0 0 10 0 0 0 0 0 0 01/05/1213 4
202 13 0 0 0 0 0 0 1 0 0 0 0 0 0 01/05/1213 4
203 14 0 0 0 0 0 0 2 0 0 0 0 0 0 01/05/1213 6
204 15 0 0 0 0 0 0 3 0 0 0 0 0 0 01/05/1213 6
205 16 0 0 0 0 0 0 4 0 0 0 0 0 0 01/05/1213 6
206 17 0 0 0 0 0 0 5 0 0 0 0 0 0 01/05/1213 8
207 18 0 0 0 0 0 0 6 0 0 0 0 0 0 01/05/1213 8
208 19 0 0 0 0 0 0 7 0 0 0 0 0 0 01/05/1213 8
209 9 0 0 0 0 0 0 8 0 0 0 0 0 0 01/05/1213 8
210 12 0 0 0 0 0 0 0 0 0 0 0 0 0 08/05/1213 4
211 13 0 0 0 0 0 0 11 0 0 0 0 0 0 08/05/1213 4
212 14 0 0 0 0 0 0 10 0 0 0 0 0 0 08/05/1213 4
213 15 0 0 0 0 0 0 1 0 0 0 0 0 0 08/05/1213 6
214 16 0 0 0 0 0 0 2 0 0 0 0 0 0 08/05/1213 6
215 17 0 0 0 0 0 0 3 0 0 0 0 0 0 08/05/1213 6
216 18 0 0 0 0 0 0 4 0 0 0 0 0 0 08/05/1213 8
217 19 0 0 0 0 0 0 5 0 0 0 0 0 0 08/05/1213 8
218 9 0 0 0 0 0 0 6 0 0 0 0 0 0 08/05/1213 8
219 8 0 0 0 0 0 0 7 0 0 0 0 0 0 08/05/1213 8
220 13 0 0 0 0 0 0 0 0 0 0 0 0 0 15/05/1213 4
221 14 0 0 0 0 0 0 12 0 0 0 0 0 0 15/05/1213 4
222 15 0 0 0 0 0 0 11 0 0 0 0 0 0 15/05/1213 4
223 16 0 0 0 0 0 0 10 0 0 0 0 0 0 15/05/1213 6
224 17 0 0 0 0 0 0 1 0 0 0 0 0 0 15/05/1213 6
225 18 0 0 0 0 0 0 2 0 0 0 0 0 0 15/05/1213 6
226 19 0 0 0 0 0 0 3 0 0 0 0 0 0 15/05/1213 8
227 9 0 0 0 0 0 0 4 0 0 0 0 0 0 15/05/1213 8
228 8 0 0 0 0 0 0 5 0 0 0 0 0 0 15/05/1213 8
229 7 0 0 0 0 0 0 6 0 0 0 0 0 0 15/05/1213 8
230 14 0 0 0 0 0 0 0 0 0 0 0 0 0 22/05/1213 4
231 15 0 0 0 0 0 0 13 0 0 0 0 0 0 22/05/1213 4
232 16 0 0 0 0 0 0 12 0 0 0 0 0 0 22/05/1213 4
233 17 0 0 0 0 0 0 11 0 0 0 0 0 0 22/05/1213 6
234 18 0 0 0 0 0 0 10 0 0 0 0 0 0 22/05/1213 6
235 19 0 0 0 0 0 0 1 0 0 0 0 0 0 22/05/1213 6
236 9 0 0 0 0 0 0 2 0 0 0 0 0 0 22/05/1213 8
237 8 0 0 0 0 0 0 3 0 0 0 0 0 0 22/05/1213 8
238 7 0 0 0 0 0 0 4 0 0 0 0 0 0 22/05/1213 8
239 6 0 0 0 0 0 0 5 0 0 0 0 0 0 22/05/1213 8
240 15 0 0 0 0 0 0 0 0 0 0 0 0 0 29/05/1213 4
241 16 0 0 0 0 0 0 14 0 0 0 0 0 0 29/05/1213 4
242 17 0 0 0 0 0 0 13 0 0 0 0 0 0 29/05/1213 4
243 18 0 0 0 0 0 0 12 0 0 0 0 0 0 29/05/1213 6
244 19 0 0 0 0 0 0 11 0 0 0 0 0 0 29/05/1213 6
245 9 0 0 0 0 0 0 10 0 0 0 0 0 0 29/05/1213 6
246 8 0 0 0 0 0 0 1 0 0 0 0 0 0 29/05/1213 8
247 7 0 0 0 0 0 0 2 0 0 0 0 0 0 29/05/1213 8
248 6 0 0 0 0 0 0 3 0 0 0 0 0 0 29/05/1213 8
249 5 0 0 0 0 0 0 4 0 0 0 0 0 0 29/05/1213 8
250 16 0 0 0 0 0 0 0 0 0 0 0 0 0 05/06/1213 4
251 17 0 0 0 0 0 0 15 0 0 0 0 0 0 05/06/1213 4
252 18 0 0 0 0 0 0 14 0 0 0 0 0 0 05/06/1213 4
253 19 0 0 0 0 0 0 13 0 0 0 0 0 0 05/06/1213 6
254 9 0 0 0 0 0 0 12 0 0 0 0 0 0 05/06/1213 6
255 8 0 0 0 0 0 0 11 0 0 0 0 0 0 05/06/1213 6
256 7 0 0 0 0 0 0 10 0 0 0 0 0 0 05/06/1213 8
257 6 0 0 0 0 0 0 1 0 0 0 0 0 0 05/06/1213 8
258 5 0 0 0 0 0 0 2 0 0 0 0 0 0 05/06/1213 8
259 4 0 0 0 0 0 0 3 0 0 0 0 0 0 05/06/1213 8
260 17 0 0 0 0 0 0 0 0 0 0 0 0 0 12/06/1213 4
261 18 0 0 0 0 0 0 16 0 0 0 0 0 0 12/06/1213 4
262 19 0 0 0 0 0 0 15 0 0 0 0 0 0 12/06/1213 4
263 9 0 0 0 0 0 0 14 0 0 0 0 0 0 12/06/1213 6
264 8 0 0 0 0 0 0 13 0 0 0 0 0 0 12/06/1213 6
265 7 0 0 0 0 0 0 12 0 0 0 0 0 0 12/06/1213 6
266 6 0 0 0 0 0 0 11 0 0 0 0 0 0 12/06/1213 8
267 5 0 0 0 0 0 0 10 0 0 0 0 0 0 12/06/1213 8
268 4 0 0 0 0 0 0 1 0 0 0 0 0 0 12/06/1213 8
269 3 0 0 0 0 0 0 2 0 0 0 0 0 0 12/06/1213 8
270 18 0 0 0 0 0 0 0 0 0 0 0 0 0 19/06/1213 4
271 19 0 0 0 0 0 0 17 0 0 0 0 0 0 19/06/1213 4
272 9 0 0 0 0 0 0 16 0 0 0 0 0 0 19/06/1213 4
273 8 0 0 0 0 0 0 15 0 0 0 0 0 0 19/06/1213 6
274 7 0 0 0 0 0 0 14 0 0 0 0 0 0 19/06/1213 6
275 6 0 0 0 0 0 0 13 0 0 0 0 0 0 19/06/1213 6
276 5 0 0 0 0 0 0 12 0 0 0 0 0 0 19/06/1213 8
277 4 0 0 0 0 0 0 11 0 0 0 0 0 0 19/06/1213 8
278 3 0 0 0 0 0 0 10 0 0 0 0 0 0 19/06/1213 8
279 2 0 0 0 0 0 0 1 0 0 0 0 0 0 19/06/1213 8
280 19 0 0 0 0 0 0 0 0 0 0 0 0 0 26/06/1213 4
281 9 0 0 0 0 0 0 18 0 0 0 0 0 0 26/06/1213 4
282 8 0 0 0 0 0 0 17 0 0 0 0 0 0 26/06/1213 4
283 7 0 0 0 0 0 0 16 0 0 0 0 0 0 26/06/1213 6
284 6 0 0 0 0 0 0 15 0 0 0 0 0 0 26/06/1213 6
285 5 0 0 0 0 0 0 14 0 0 0 0 0 0 26/06/1213 6
286 4 0 0 0 0 0 0 13 0 0 0 0 0 0 26/06/1213 8
287 3 0 0 0 0 0 0 12 0 0 0 0 0 0 26/06/1213 8
288 2 0 0 0 0 0 0 11 0 0 0 0 0 0 26/06/1213 8
289 1 0 0 0 0 0 0 10 0 0 0 0 0 0 26/06/1213 8
290 9 0 0 0 0 0 0 0 0 0 0 0 0 0 03/07/1213 4
291 8 0 0 0 0 0 0 19 0 0 0 0 0 0 03/07/1213 4
292 7 0 0 0 0 0 0 18 0 0 0 0 0 0 03/07/1213 4
293 6 0 0 0 0 0 0 17 0 0 0 0 0 0 03/07/1213 6
294 5 0 0 0 0 0 0 16 0 0 0 0 0 0 03/07/1213 6
295 4 0 0 0 0 0 0 15 0 0 0 0 0 0 03/07/1213 6
296 3 0 0 0 0 0 0 14 0 0 0 0 0 0 03/07/1213 8
297 2 0 0 0 0 0 0 13 0 0 0 0 0 0 03/07/1213 8
298 1 0 0 0 0 0 0 12 0 0 0 0 0 0 03/07/1213 8
299 10 0 0 0 0 0 0 11 0 0 0 0 0 0 03/07/1213 8
300 8 0 0 0 0 0 0 0 0 0 0 0 0 0 10/07/1213 4
301 7 0 0 0 0 0 0 9 0 0 0 0 0 0 10/07/1213 4
302 6 0 0 0 0 0 0 19 0 0 0 0 0 0 10/07/1213 4
303 5 0 0 0 0 0 0 18 0 0 0 0 0 0 10/07/1213 6
304 4 0 0 0 0 0 0 17 0 0 0 0 0 0 10/07/1213 6
305 3 0 0 0 0 0 0 16 0 0 0 0 0 0 10/07/1213 6
306 2 0 0 0 0 0 0 15 0 0 0 0 0 0 10/07/1213 8
307 1 0 0 0 0 0 0 14 0 0 0 0 0 0 10/07/1213 8
308 10 0 0 0 0 0 0 13 0 0 0 0 0 0 10/07/1213 8
309 11 0 0 0 0 0 0 12 0 0 0 0 0 0 10/07/1213 8
310 7 0 0 0 0 0 0 0 0 0 0 0 0 0 17/07/1213 4
311 6 0 0 0 0 0 0 8 0 0 0 0 0 0 17/07/1213 4
312 5 0 0 0 0 0 0 9 0 0 0 0 0 0 17/07/1213 4
313 4 0 0 0 0 0 0 19 0 0 0 0 0 0 17/07/1213 6
314 3 0 0 0 0 0 0 18 0 0 0 0 0 0 17/07/1213 6
315 2 0 0 0 0 0 0 17 0 0 0 0 0 0 17/07/1213 6
316 1 0 0 0 0 0 0 16 0 0 0 0 0 0 17/07/1213 8
317 10 0 0 0 0 0 0 15 0 0 0 0 0 0 17/07/1213 8
318 11 0 0 0 0 0 0 14 0 0 0 0 0 0 17/07/1213 8
319 12 0 0 0 0 0 0 13 0 0 0 0 0 0 17/07/1213 8
320 6 0 0 0 0 0 0 0 0 0 0 0 0 0 24/07/1213 4
321 5 0 0 0 0 0 0 7 0 0 0 0 0 0 24/07/1213 4
322 4 0 0 0 0 0 0 8 0 0 0 0 0 0 24/07/1213 4
323 3 0 0 0 0 0 0 9 0 0 0 0 0 0 24/07/1213 6
324 2 0 0 0 0 0 0 19 0 0 0 0 0 0 24/07/1213 6
325 1 0 0 0 0 0 0 18 0 0 0 0 0 0 24/07/1213 6
326 10 0 0 0 0 0 0 17 0 0 0 0 0 0 24/07/1213 8
327 11 0 0 0 0 0 0 16 0 0 0 0 0 0 24/07/1213 8
328 12 0 0 0 0 0 0 15 0 0 0 0 0 0 24/07/1213 8
329 13 0 0 0 0 0 0 14 0 0 0 0 0 0 24/07/1213 8
330 5 0 0 0 0 0 0 0 0 0 0 0 0 0 31/07/1213 4
331 4 0 0 0 0 0 0 6 0 0 0 0 0 0 31/07/1213 4
332 3 0 0 0 0 0 0 7 0 0 0 0 0 0 31/07/1213 4
333 2 0 0 0 0 0 0 8 0 0 0 0 0 0 31/07/1213 6
334 1 0 0 0 0 0 0 9 0 0 0 0 0 0 31/07/1213 6
335 10 0 0 0 0 0 0 19 0 0 0 0 0 0 31/07/1213 6
336 11 0 0 0 0 0 0 18 0 0 0 0 0 0 31/07/1213 8
337 12 0 0 0 0 0 0 17 0 0 0 0 0 0 31/07/1213 8
338 13 0 0 0 0 0 0 16 0 0 0 0 0 0 31/07/1213 8
339 14 0 0 0 0 0 0 15 0 0 0 0 0 0 31/07/1213 8
340 4 0 0 0 0 0 0 0 0 0 0 0 0 0 07/08/1213 4
341 3 0 0 0 0 0 0 5 0 0 0 0 0 0 07/08/1213 4
342 2 0 0 0 0 0 0 6 0 0 0 0 0 0 07/08/1213 4
343 1 0 0 0 0 0 0 7 0 0 0 0 0 0 07/08/1213 6
344 10 0 0 0 0 0 0 8 0 0 0 0 0 0 07/08/1213 6
345 11 0 0 0 0 0 0 9 0 0 0 0 0 0 07/08/1213 6
346 12 0 0 0 0 0 0 19 0 0 0 0 0 0 07/08/1213 8
347 13 0 0 0 0 0 0 18 0 0 0 0 0 0 07/08/1213 8
348 14 0 0 0 0 0 0 17 0 0 0 0 0 0 07/08/1213 8
349 15 0 0 0 0 0 0 16 0 0 0 0 0 0 07/08/1213 8
350 3 0 0 0 0 0 0 0 0 0 0 0 0 0 14/08/1213 4
351 2 0 0 0 0 0 0 4 0 0 0 0 0 0 14/08/1213 4
352 1 0 0 0 0 0 0 5 0 0 0 0 0 0 14/08/1213 4
353 10 0 0 0 0 0 0 6 0 0 0 0 0 0 14/08/1213 6
354 11 0 0 0 0 0 0 7 0 0 0 0 0 0 14/08/1213 6
355 12 0 0 0 0 0 0 8 0 0 0 0 0 0 14/08/1213 6
356 13 0 0 0 0 0 0 9 0 0 0 0 0 0 14/08/1213 8
357 14 0 0 0 0 0 0 19 0 0 0 0 0 0 14/08/1213 8
358 15 0 0 0 0 0 0 18 0 0 0 0 0 0 14/08/1213 8
359 16 0 0 0 0 0 0 17 0 0 0 0 0 0 14/08/1213 8
360 2 0 0 0 0 0 0 0 0 0 0 0 0 0 21/08/1213 4
361 1 0 0 0 0 0 0 3 0 0 0 0 0 0 21/08/1213 4
362 10 0 0 0 0 0 0 4 0 0 0 0 0 0 21/08/1213 4
363 11 0 0 0 0 0 0 5 0 0 0 0 0 0 21/08/1213 6
364 12 0 0 0 0 0 0 6 0 0 0 0 0 0 21/08/1213 6
365 13 0 0 0 0 0 0 7 0 0 0 0 0 0 21/08/1213 6
366 14 0 0 0 0 0 0 8 0 0 0 0 0 0 21/08/1213 8
367 15 0 0 0 0 0 0 9 0 0 0 0 0 0 21/08/1213 8
368 16 0 0 0 0 0 0 19 0 0 0 0 0 0 21/08/1213 8
369 17 0 0 0 0 0 0 18 0 0 0 0 0 0 21/08/1213 8
370 1 0 0 0 0 0 0 0 0 0 0 0 0 0 28/08/1213 4
371 10 0 0 0 0 0 0 2 0 0 0 0 0 0 28/08/1213 4
372 11 0 0 0 0 0 0 3 0 0 0 0 0 0 28/08/1213 4
373 12 0 0 0 0 0 0 4 0 0 0 0 0 0 28/08/1213 6
374 13 0 0 0 0 0 0 5 0 0 0 0 0 0 28/08/1213 6
375 14 0 0 0 0 0 0 6 0 0 0 0 0 0 28/08/1213 6
376 15 0 0 0 0 0 0 7 0 0 0 0 0 0 28/08/1213 8
377 16 0 0 0 0 0 0 8 0 0 0 0 0 0 28/08/1213 8
378 17 0 0 0 0 0 0 9 0 0 0 0 0 0 28/08/1213 8
379 18 0 0 0 0 0 0 19 0 0 0 0 0 0 28/08/1213 8
